0.0 -0.0 90.0 -0.0
0.22 0.0 84.78 5.0
0.86 0.01 79.14 9.97
0.63 0.05 74.37 14.92
1.42 0.14 68.58 19.8
-0.02 0.06 65.02 24.93
0.69 0.29 59.31 29.72
0.46 0.21 54.54 34.82
-0.04 0.12 50.03 39.91
1.4 1.41 43.6 44.28
-0.1 0.13 40.1 49.92
-0.12 1.09 35.12 54.8
0.0 1.49 30.0 59.58
-0.09 2.14 25.09 64.24
0.27 1.91 19.74 69.39
-0.31 2.66 15.31 74.41
-0.02 2.18 10.02 79.28
-0.41 1.56 5.41 84.6
-0.0 3.34 -0.0 89.09
0.41 1.56 -5.41 84.6
0.02 2.18 -10.02 79.28
0.31 2.66 -15.31 74.41
-0.27 1.91 -19.74 69.39
0.09 2.14 -25.09 64.24
-0.0 1.49 -30.0 59.58
0.12 1.09 -35.12 54.8
0.1 0.13 -40.1 49.92
-1.4 1.41 -43.6 44.28
0.04 0.12 -50.03 39.91
-0.46 0.21 -54.54 34.82
-0.69 0.29 -59.31 29.72
0.02 0.06 -65.02 24.93
-1.42 0.14 -68.58 19.8
-0.63 0.05 -74.37 14.92
-0.86 0.01 -79.14 9.97
-0.22 0.0 -84.78 5.0
-0.0 -0.0 -90.0 -0.0
-0.22 -0.0 -84.78 -5.0
-0.86 -0.01 -79.14 -9.97
-0.63 -0.05 -74.37 -14.92
-1.42 -0.14 -68.58 -19.8
0.02 -0.06 -65.02 -24.93
-0.69 -0.29 -59.31 -29.72
-0.46 -0.21 -54.54 -34.82
0.04 -0.12 -50.03 -39.91
-1.4 -1.41 -43.6 -44.28
0.1 -0.13 -40.1 -49.92
0.12 -1.09 -35.12 -54.8
-0.0 -1.49 -30.0 -59.58
0.09 -2.14 -25.09 -64.24
-0.27 -1.91 -19.74 -69.39
0.31 -2.66 -15.31 -74.41
0.02 -2.18 -10.02 -79.28
0.41 -1.56 -5.41 -84.6
-0.0 -3.34 -0.0 -89.09
-0.41 -1.56 5.41 -84.6
-0.02 -2.18 10.02 -79.28
-0.31 -2.66 15.31 -74.41
0.27 -1.91 19.74 -69.39
-0.09 -2.14 25.09 -64.24
0.0 -1.49 30.0 -59.58
-0.12 -1.09 35.12 -54.8
-0.1 -0.13 40.1 -49.92
1.4 -1.41 43.6 -44.28
-0.04 -0.12 50.03 -39.91
0.46 -0.21 54.54 -34.82
0.69 -0.29 59.31 -29.72
-0.02 -0.06 65.02 -24.93
1.42 -0.14 68.58 -19.8
0.63 -0.05 74.37 -14.92
0.86 -0.01 79.14 -9.97
0.22 -0.0 84.78 -5.0
0.0 -0.0 90.0 -0.0
