0.02296
1.09027
4.38582
3.23115
7.30582
0.18742
3.79574
2.56612
0.54209
10.2689
0.77935
6.01127
8.22284
11.8159
10.86369
15.29781
12.27371
9.08811
18.6954
9.08811
12.27371
15.29781
10.86369
11.8159
8.22284
6.01127
0.77935
10.2689
0.54209
2.56612
3.79574
0.18742
7.30582
3.23115
4.38582
1.09027
0.02296
1.09027
4.38582
3.23115
7.30582
0.18742
3.79574
2.56612
0.54209
10.2689
0.77935
6.01127
8.22284
11.8159
10.86369
15.29781
12.27371
9.08811
18.6954
9.08811
12.27371
15.29781
10.86369
11.8159
8.22284
6.01127
0.77935
10.2689
0.54209
2.56612
3.79574
0.18742
7.30582
3.23115
4.38582
1.09027
0.02296
