0.00000 245.49297 395.49297
6.54083 241.53678 413.78286
13.05677 235.74730 431.71295
19.52306 228.17315 449.06798
25.91519 218.89301 465.63981
32.20901 208.01567 481.23349
38.38089 195.66938 495.66873
44.40782 182.00551 508.78677
50.26750 167.19716 520.44831
55.93848 151.43188 530.54085
61.40029 134.90580 538.97586
66.63346 117.82703 545.69620
71.61972 100.40540 550.66961
76.34201 82.85281 553.89126
80.78458 65.37483 555.38656
84.93308 48.17106 555.20823
88.77463 31.42851 553.43004
92.29786 15.32006 550.15137
95.49297 0.00000 545.49297
92.29786 -15.32006 550.15137
88.77463 -31.42851 553.43004
84.93308 -48.17106 555.20823
80.78458 -65.37483 555.38656
76.34201 -82.85281 553.89126
71.61972 -100.40540 550.66961
66.63346 -117.82703 545.69620
61.40029 -134.90580 538.97586
55.93848 -151.43188 530.54085
50.26750 -167.19716 520.44831
44.40782 -182.00551 508.78677
38.38089 -195.66938 495.66873
32.20901 -208.01567 481.23349
25.91519 -218.89301 465.63981
19.52306 -228.17315 449.06798
13.05677 -235.74730 431.71295
6.54083 -241.53678 413.78286
0.00000 -245.49297 395.49297
-6.54083 -241.53678 413.78286
-13.05677 -235.74730 431.71295
-19.52306 -228.17315 449.06798
-25.91519 -218.89301 465.63981
-32.20901 -208.01567 481.23349
-38.38089 -195.66938 495.66873
-44.40782 -182.00551 508.78677
-50.26750 -167.19716 520.44831
-55.93848 -151.43188 530.54085
-61.40029 -134.90580 538.97586
-66.63346 -117.82703 545.69620
-71.61972 -100.40540 550.66961
-76.34201 -82.85281 553.89126
-80.78458 -65.37483 555.38656
-84.93308 -48.17106 555.20823
-88.77463 -31.42851 553.43004
-92.29786 -15.32006 550.15137
-95.49297 0.00000 545.49297
-92.29786 15.32006 550.15137
-88.77463 31.42851 553.43004
-84.93308 48.17106 555.20823
-80.78458 65.37483 555.38656
-76.34201 82.85281 553.89126
-71.61972 100.40540 550.66961
-66.63346 117.82703 545.69620
-61.40029 134.90580 538.97586
-55.93848 151.43188 530.54085
-50.26750 167.19716 520.44831
-44.40782 182.00551 508.78677
-38.38089 195.66938 495.66873
-32.20901 208.01567 481.23349
-25.91519 218.89301 465.63981
-19.52306 228.17315 449.06798
-13.05677 235.74730 431.71295
-6.54083 241.53678 413.78286
0.00000 245.49297 395.49297
