0.00000 245.49297 395.49297
6.54083 242.63921 413.65209
13.05380 240.08174 431.20905
19.61716 231.37754 448.70900
26.26017 226.15742 464.81853
32.39046 207.93739 481.21973
39.41889 199.30539 495.22019
45.23918 184.44418 508.48245
50.78135 167.00462 520.41756
62.72374 158.95548 528.88437
62.02692 134.42150 538.91070
72.51498 117.29511 544.53588
79.66201 100.57660 549.01243
87.88812 82.66594 551.46586
91.25108 66.99244 553.01015
99.70825 46.71928 551.53624
100.69749 31.44864 550.56081
100.85347 13.22587 547.95408
113.50423 0.00000 540.42130
100.85347 -13.22587 547.95408
100.69749 -31.44864 550.56081
99.70825 -46.71928 551.53624
91.25108 -66.99244 553.01015
87.88812 -82.66594 551.46586
79.66201 -100.57660 549.01243
72.51498 -117.29511 544.53588
62.02692 -134.42150 538.91070
62.72374 -158.95548 528.88437
50.78135 -167.00462 520.41756
45.23918 -184.44418 508.48245
39.41889 -199.30539 495.22019
32.39046 -207.93739 481.21973
26.26017 -226.15742 464.81853
19.61716 -231.37754 448.70900
13.05380 -240.08174 431.20905
6.54083 -242.63921 413.65209
0.00000 -245.49297 395.49297
-6.54083 -242.63921 413.65209
-13.05380 -240.08174 431.20905
-19.61716 -231.37754 448.70900
-26.26017 -226.15742 464.81853
-32.39046 -207.93739 481.21973
-39.41889 -199.30539 495.22019
-45.23918 -184.44418 508.48245
-50.78135 -167.00462 520.41756
-62.72374 -158.95548 528.88437
-62.02692 -134.42150 538.91070
-72.51498 -117.29511 544.53588
-79.66201 -100.57660 549.01243
-87.88812 -82.66594 551.46586
-91.25108 -66.99244 553.01015
-99.70825 -46.71928 551.53624
-100.69749 -31.44864 550.56081
-100.85347 -13.22587 547.95408
-113.50423 0.00000 540.42130
-100.85347 13.22587 547.95408
-100.69749 31.44864 550.56081
-99.70825 46.71928 551.53624
-91.25108 66.99244 553.01015
-87.88812 82.66594 551.46586
-79.66201 100.57660 549.01243
-72.51498 117.29511 544.53588
-62.02692 134.42150 538.91070
-62.72374 158.95548 528.88437
-50.78135 167.00462 520.41756
-45.23918 184.44418 508.48245
-39.41889 199.30539 495.22019
-32.39046 207.93739 481.21973
-26.26017 226.15742 464.81853
-19.61716 231.37754 448.70900
-13.05380 240.08174 431.20905
-6.54083 242.63921 413.65209
0.00000 245.49297 395.49297
