39.93 39.97 -39.96 -40.1
39.83 37.72 -39.79 -38.03
39.86 35.82 -39.84 -36.04
39.92 33.9 -39.91 -34.03
40.03 32.04 -40.07 -32.07
39.81 29.81 -39.79 -30.02
39.86 27.87 -39.85 -28.03
39.91 25.96 -39.91 -26.02
40.06 23.97 -40.07 -24.02
39.73 21.89 -39.73 -22.08
39.8 19.87 -39.79 -20.03
39.85 17.93 -39.84 -18.03
39.91 15.92 -39.91 -16.02
39.88 13.95 -39.88 -14.01
39.95 12.05 -39.95 -12.01
39.97 10.0 -39.97 -10.02
39.96 8.05 -39.96 -7.98
39.99 6.06 -40.0 -6.05
39.98 3.92 -39.98 -3.97
39.96 2.07 -39.96 -2.03
39.98 -0.0 -39.98 -0.0
39.96 -2.07 -39.96 2.03
39.98 -3.92 -39.98 3.97
39.99 -6.06 -40.0 6.05
39.96 -8.05 -39.96 7.98
39.97 -10.0 -39.97 10.02
39.95 -12.05 -39.95 12.01
39.88 -13.95 -39.88 14.01
39.91 -15.92 -39.91 16.02
39.85 -17.93 -39.84 18.03
39.8 -19.87 -39.79 20.03
39.73 -21.89 -39.73 22.08
40.06 -23.97 -40.07 24.02
39.91 -25.96 -39.91 26.02
39.86 -27.87 -39.85 28.03
39.81 -29.81 -39.79 30.02
40.03 -32.04 -40.07 32.07
39.92 -33.9 -39.91 34.03
39.86 -35.82 -39.84 36.04
39.83 -37.72 -39.79 38.03
39.93 -39.97 -39.96 40.1
37.81 -39.85 -37.83 40.16
35.89 -39.86 -35.9 40.08
33.93 -39.93 -33.94 40.06
31.95 -40.01 -31.96 40.04
29.89 -39.83 -29.9 40.11
27.92 -39.86 -27.92 40.08
25.94 -39.96 -25.96 40.08
23.95 -40.01 -23.97 40.1
21.91 -39.8 -21.92 40.13
19.94 -39.86 -19.96 40.16
17.92 -40.06 -17.95 40.18
15.95 -39.95 -15.96 40.11
13.95 -40.05 -13.97 40.13
11.92 -40.04 -11.92 40.1
9.98 -40.02 -9.99 40.1
7.99 -39.99 -7.99 40.06
5.99 -40.0 -5.99 40.05
3.98 -40.05 -3.98 40.06
1.99 -40.02 -1.99 40.05
-0.0 -40.07 -0.0 40.07
-1.99 -40.02 1.99 40.05
-3.98 -40.05 3.98 40.06
-5.99 -40.0 5.99 40.05
-7.99 -39.99 7.99 40.06
-9.98 -40.02 9.99 40.1
-11.92 -40.04 11.92 40.1
-13.95 -40.05 13.97 40.13
-15.95 -39.95 15.96 40.11
-17.92 -40.06 17.95 40.18
-19.94 -39.86 19.96 40.16
-21.91 -39.8 21.92 40.13
-23.95 -40.01 23.97 40.1
-25.94 -39.96 25.96 40.08
-27.92 -39.86 27.92 40.08
-29.89 -39.83 29.9 40.11
-31.95 -40.01 31.96 40.04
-33.93 -39.93 33.94 40.06
-35.89 -39.86 35.9 40.08
-37.81 -39.85 37.83 40.16
-39.93 -39.97 39.96 40.1
-39.83 -37.72 39.79 38.03
-39.86 -35.82 39.84 36.04
-39.92 -33.9 39.91 34.03
-40.03 -32.04 40.07 32.07
-39.81 -29.81 39.79 30.02
-39.86 -27.87 39.85 28.03
-39.91 -25.96 39.91 26.02
-40.06 -23.97 40.07 24.02
-39.73 -21.89 39.73 22.08
-39.8 -19.87 39.79 20.03
-39.85 -17.93 39.84 18.03
-39.91 -15.92 39.91 16.02
-39.88 -13.95 39.88 14.01
-39.95 -12.05 39.95 12.01
-39.97 -10.0 39.97 10.02
-39.96 -8.05 39.96 7.98
-39.99 -6.06 40.0 6.05
-39.98 -3.92 39.98 3.97
-39.96 -2.07 39.96 2.03
-39.98 -0.0 39.98 -0.0
-39.96 2.07 39.96 -2.03
-39.98 3.92 39.98 -3.97
-39.99 6.06 40.0 -6.05
-39.96 8.05 39.96 -7.98
-39.97 10.0 39.97 -10.02
-39.95 12.05 39.95 -12.01
-39.88 13.95 39.88 -14.01
-39.91 15.92 39.91 -16.02
-39.85 17.93 39.84 -18.03
-39.8 19.87 39.79 -20.03
-39.73 21.89 39.73 -22.08
-40.06 23.97 40.07 -24.02
-39.91 25.96 39.91 -26.02
-39.86 27.87 39.85 -28.03
-39.81 29.81 39.79 -30.02
-40.03 32.04 40.07 -32.07
-39.92 33.9 39.91 -34.03
-39.86 35.82 39.84 -36.04
-39.83 37.72 39.79 -38.03
-39.93 39.97 39.96 -40.1
-37.81 39.85 37.83 -40.16
-35.89 39.86 35.9 -40.08
-33.93 39.93 33.94 -40.06
-31.95 40.01 31.96 -40.04
-29.89 39.83 29.9 -40.11
-27.92 39.86 27.92 -40.08
-25.94 39.96 25.96 -40.08
-23.95 40.01 23.97 -40.1
-21.91 39.8 21.92 -40.13
-19.94 39.86 19.96 -40.16
-17.92 40.06 17.95 -40.18
-15.95 39.95 15.96 -40.11
-13.95 40.05 13.97 -40.13
-11.92 40.04 11.92 -40.1
-9.98 40.02 9.99 -40.1
-7.99 39.99 7.99 -40.06
-5.99 40.0 5.99 -40.05
-3.98 40.05 3.98 -40.06
-1.99 40.02 1.99 -40.05
-0.0 40.07 -0.0 -40.07
1.99 40.02 -1.99 -40.05
3.98 40.05 -3.98 -40.06
5.99 40.0 -5.99 -40.05
7.99 39.99 -7.99 -40.06
9.98 40.02 -9.99 -40.1
11.92 40.04 -11.92 -40.1
13.95 40.05 -13.97 -40.13
15.95 39.95 -15.96 -40.11
17.92 40.06 -17.95 -40.18
19.94 39.86 -19.96 -40.16
21.91 39.8 -21.92 -40.13
23.95 40.01 -23.97 -40.1
25.94 39.96 -25.96 -40.08
27.92 39.86 -27.92 -40.08
29.89 39.83 -29.9 -40.11
31.95 40.01 -31.96 -40.04
33.93 39.93 -33.94 -40.06
35.89 39.86 -35.9 -40.08
37.81 39.85 -37.83 -40.16
39.93 39.97 -39.96 -40.1
