0.45126
1.47674
1.02626
0.60912
0.12105
1.20725
0.89808
0.45193
0.36868
1.38014
1.14108
0.8188
0.62019
0.63055
0.40013
0.17134
0.36524
0.29764
0.42622
0.39705
0.0824
0.39705
0.42622
0.29764
0.36524
0.17134
0.40013
0.63055
0.62019
0.8188
1.14108
1.38014
0.36868
0.45193
0.89808
1.20725
0.12105
0.60912
1.02626
1.47674
0.45126
1.14286
0.87044
0.49551
0.21181
1.1382
0.93772
0.41748
0.27924
1.37716
1.07469
0.44001
0.46746
0.28154
0.3419
0.10685
0.14991
0.10658
0.25912
0.04833
0.34683
0.04833
0.25912
0.10658
0.14991
0.10685
0.3419
0.28154
0.46746
0.44001
1.07469
1.37716
0.27924
0.41748
0.93772
1.1382
0.21181
0.49551
0.87044
1.14286
0.45126
1.47674
1.02626
0.60912
0.12105
1.20725
0.89808
0.45193
0.36868
1.38014
1.14108
0.8188
0.62019
0.63055
0.40013
0.17134
0.36524
0.29764
0.42622
0.39705
0.0824
0.39705
0.42622
0.29764
0.36524
0.17134
0.40013
0.63055
0.62019
0.8188
1.14108
1.38014
0.36868
0.45193
0.89808
1.20725
0.12105
0.60912
1.02626
1.47674
0.45126
1.14286
0.87044
0.49551
0.21181
1.1382
0.93772
0.41748
0.27924
1.37716
1.07469
0.44001
0.46746
0.28154
0.3419
0.10685
0.14991
0.10658
0.25912
0.04833
0.34683
0.04833
0.25912
0.10658
0.14991
0.10685
0.3419
0.28154
0.46746
0.44001
1.07469
1.37716
0.27924
0.41748
0.93772
1.1382
0.21181
0.49551
0.87044
1.14286
0.45126
