168.32929 173.11356 501.39373
159.68532 175.55213 505.86737
152.30105 177.58769 509.25990
144.72236 179.71061 512.44245
137.20580 181.74296 515.25694
128.25711 183.12181 519.18819
120.28793 184.91721 521.86963
112.43387 186.56837 524.32408
103.98118 188.63508 526.44537
95.32054 188.71695 529.69479
86.70759 190.29141 531.64579
78.42914 191.57392 533.36688
69.71631 192.80311 534.93432
61.24743 193.54033 536.51070
53.06724 194.55996 537.57342
44.01905 195.33188 538.66546
35.58680 195.80248 539.58470
26.74553 196.31753 540.22071
17.23974 196.63941 540.79060
9.19537 196.71499 541.12684
0.00000 196.86676 541.18174
-9.19537 196.71499 541.12684
-17.23974 196.63941 540.79060
-26.74553 196.31753 540.22071
-35.58680 195.80248 539.58470
-44.01905 195.33188 538.66546
-53.06724 194.55996 537.57342
-61.24743 193.54033 536.51070
-69.71631 192.80311 534.93432
-78.42914 191.57392 533.36688
-86.70759 190.29141 531.64579
-95.32054 188.71695 529.69479
-103.98118 188.63508 526.44537
-112.43387 186.56837 524.32408
-120.28793 184.91721 521.86963
-128.25711 183.12181 519.18819
-137.20580 181.74296 515.25694
-144.72236 179.71061 512.44245
-152.30105 177.58769 509.25990
-159.68532 175.55213 505.86737
-168.32929 173.11356 501.39373
-170.49625 164.54527 505.86415
-173.09446 156.46345 509.44384
-175.85516 148.06321 512.76519
-178.57747 139.51958 515.87116
-179.79619 131.00918 519.52901
-182.01176 122.52044 522.30666
-184.41978 113.77452 524.72487
-186.44001 105.10343 527.06556
-186.96244 96.52097 529.96293
-188.72437 87.83101 531.85207
-191.16701 78.77054 533.17625
-191.87849 70.29474 535.10769
-193.48880 61.40745 536.28280
-194.43999 52.56133 537.58173
-195.10362 43.99525 538.67636
-195.64700 35.27418 539.62370
-196.23106 26.44597 540.26783
-196.86580 17.56607 540.60193
-196.92759 8.78800 540.98180
-197.25399 0.00000 540.92540
-196.92759 -8.78800 540.98180
-196.86580 -17.56607 540.60193
-196.23106 -26.44597 540.26783
-195.64700 -35.27418 539.62370
-195.10362 -43.99525 538.67636
-194.43999 -52.56133 537.58173
-193.48880 -61.40745 536.28280
-191.87849 -70.29474 535.10769
-191.16701 -78.77054 533.17625
-188.72437 -87.83101 531.85207
-186.96244 -96.52097 529.96293
-186.44001 -105.10343 527.06556
-184.41978 -113.77452 524.72487
-182.01176 -122.52044 522.30666
-179.79619 -131.00918 519.52901
-178.57747 -139.51958 515.87116
-175.85516 -148.06321 512.76519
-173.09446 -156.46345 509.44384
-170.49625 -164.54527 505.86415
-168.32929 -173.11356 501.39373
-159.68532 -175.55213 505.86737
-152.30105 -177.58769 509.25990
-144.72236 -179.71061 512.44245
-137.20580 -181.74296 515.25694
-128.25711 -183.12181 519.18819
-120.28793 -184.91721 521.86963
-112.43387 -186.56837 524.32408
-103.98118 -188.63508 526.44537
-95.32054 -188.71695 529.69479
-86.70759 -190.29141 531.64579
-78.42914 -191.57392 533.36688
-69.71631 -192.80311 534.93432
-61.24743 -193.54033 536.51070
-53.06724 -194.55996 537.57342
-44.01905 -195.33188 538.66546
-35.58680 -195.80248 539.58470
-26.74553 -196.31753 540.22071
-17.23974 -196.63941 540.79060
-9.19537 -196.71499 541.12684
0.00000 -196.86676 541.18174
9.19537 -196.71499 541.12684
17.23974 -196.63941 540.79060
26.74553 -196.31753 540.22071
35.58680 -195.80248 539.58470
44.01905 -195.33188 538.66546
53.06724 -194.55996 537.57342
61.24743 -193.54033 536.51070
69.71631 -192.80311 534.93432
78.42914 -191.57392 533.36688
86.70759 -190.29141 531.64579
95.32054 -188.71695 529.69479
103.98118 -188.63508 526.44537
112.43387 -186.56837 524.32408
120.28793 -184.91721 521.86963
128.25711 -183.12181 519.18819
137.20580 -181.74296 515.25694
144.72236 -179.71061 512.44245
152.30105 -177.58769 509.25990
159.68532 -175.55213 505.86737
168.32929 -173.11356 501.39373
170.49625 -164.54527 505.86415
173.09446 -156.46345 509.44384
175.85516 -148.06321 512.76519
178.57747 -139.51958 515.87116
179.79619 -131.00918 519.52901
182.01176 -122.52044 522.30666
184.41978 -113.77452 524.72487
186.44001 -105.10343 527.06556
186.96244 -96.52097 529.96293
188.72437 -87.83101 531.85207
191.16701 -78.77054 533.17625
191.87849 -70.29474 535.10769
193.48880 -61.40745 536.28280
194.43999 -52.56133 537.58173
195.10362 -43.99525 538.67636
195.64700 -35.27418 539.62370
196.23106 -26.44597 540.26783
196.86580 -17.56607 540.60193
196.92759 -8.78800 540.98180
197.25399 0.00000 540.92540
196.92759 8.78800 540.98180
196.86580 17.56607 540.60193
196.23106 26.44597 540.26783
195.64700 35.27418 539.62370
195.10362 43.99525 538.67636
194.43999 52.56133 537.58173
193.48880 61.40745 536.28280
191.87849 70.29474 535.10769
191.16701 78.77054 533.17625
188.72437 87.83101 531.85207
186.96244 96.52097 529.96293
186.44001 105.10343 527.06556
184.41978 113.77452 524.72487
182.01176 122.52044 522.30666
179.79619 131.00918 519.52901
178.57747 139.51958 515.87116
175.85516 148.06321 512.76519
173.09446 156.46345 509.44384
170.49625 164.54527 505.86415
168.32929 173.11356 501.39373
