-0.0 -0.0 -0.0 -0.0
-0.21 0.0 5.21 5.0
-0.01 0.02 10.01 9.99
-0.16 0.06 15.16 14.96
0.01 0.23 19.99 19.85
-0.09 0.12 25.09 24.93
0.19 0.42 29.81 29.68
-0.12 0.29 35.12 34.82
-0.06 0.16 40.06 39.9
1.4 1.41 43.6 44.28
-0.04 0.15 50.03 49.91
0.46 0.23 54.54 54.8
0.69 0.42 59.31 59.58
1.22 1.43 63.79 64.24
1.42 1.2 68.58 69.39
1.29 1.09 73.71 74.41
1.51 1.04 78.49 79.28
1.29 1.09 73.71 74.41
1.42 1.2 68.58 69.39
1.22 1.43 63.79 64.24
0.69 0.42 59.31 59.58
0.46 0.23 54.54 54.8
-0.04 0.15 50.03 49.91
1.4 1.41 43.6 44.28
-0.06 0.16 40.06 39.9
-0.12 0.29 35.12 34.82
0.19 0.42 29.81 29.68
-0.09 0.12 25.09 24.93
0.01 0.23 19.99 19.85
-0.16 0.06 15.16 14.96
-0.01 0.02 10.01 9.99
-0.21 0.0 5.21 5.0
-0.0 -0.0 -0.0 -0.0
0.21 0.0 -5.21 5.0
0.01 0.02 -10.01 9.99
0.16 0.06 -15.16 14.96
-0.01 0.23 -19.99 19.85
0.09 0.12 -25.09 24.93
-0.19 0.42 -29.81 29.68
0.12 0.29 -35.12 34.82
0.06 0.16 -40.06 39.9
-1.4 1.41 -43.6 44.28
0.04 0.15 -50.03 49.91
-0.46 0.23 -54.54 54.8
-0.69 0.42 -59.31 59.58
-1.22 1.43 -63.79 64.24
-1.42 1.2 -68.58 69.39
-1.29 1.09 -73.71 74.41
-1.51 1.04 -78.49 79.28
-1.29 1.09 -73.71 74.41
-1.42 1.2 -68.58 69.39
-1.22 1.43 -63.79 64.24
-0.69 0.42 -59.31 59.58
-0.46 0.23 -54.54 54.8
0.04 0.15 -50.03 49.91
-1.4 1.41 -43.6 44.28
0.06 0.16 -40.06 39.9
0.12 0.29 -35.12 34.82
-0.19 0.42 -29.81 29.68
0.09 0.12 -25.09 24.93
-0.01 0.23 -19.99 19.85
0.16 0.06 -15.16 14.96
0.01 0.02 -10.01 9.99
0.21 0.0 -5.21 5.0
-0.0 -0.0 -0.0 -0.0
-0.21 -0.0 5.21 -5.0
-0.01 -0.02 10.01 -9.99
-0.16 -0.06 15.16 -14.96
0.01 -0.23 19.99 -19.85
-0.09 -0.12 25.09 -24.93
0.19 -0.42 29.81 -29.68
-0.12 -0.29 35.12 -34.82
-0.06 -0.16 40.06 -39.9
1.4 -1.41 43.6 -44.28
-0.04 -0.15 50.03 -49.91
0.46 -0.23 54.54 -54.8
0.69 -0.42 59.31 -59.58
1.22 -1.43 63.79 -64.24
1.42 -1.2 68.58 -69.39
1.29 -1.09 73.71 -74.41
1.51 -1.04 78.49 -79.28
1.29 -1.09 73.71 -74.41
1.42 -1.2 68.58 -69.39
1.22 -1.43 63.79 -64.24
0.69 -0.42 59.31 -59.58
0.46 -0.23 54.54 -54.8
-0.04 -0.15 50.03 -49.91
1.4 -1.41 43.6 -44.28
-0.06 -0.16 40.06 -39.9
-0.12 -0.29 35.12 -34.82
0.19 -0.42 29.81 -29.68
-0.09 -0.12 25.09 -24.93
0.01 -0.23 19.99 -19.85
-0.16 -0.06 15.16 -14.96
-0.01 -0.02 10.01 -9.99
-0.21 -0.0 5.21 -5.0
-0.0 -0.0 -0.0 -0.0
0.21 -0.0 -5.21 -5.0
0.01 -0.02 -10.01 -9.99
0.16 -0.06 -15.16 -14.96
-0.01 -0.23 -19.99 -19.85
0.09 -0.12 -25.09 -24.93
-0.19 -0.42 -29.81 -29.68
0.12 -0.29 -35.12 -34.82
0.06 -0.16 -40.06 -39.9
-1.4 -1.41 -43.6 -44.28
0.04 -0.15 -50.03 -49.91
-0.46 -0.23 -54.54 -54.8
-0.69 -0.42 -59.31 -59.58
-1.22 -1.43 -63.79 -64.24
-1.42 -1.2 -68.58 -69.39
-1.29 -1.09 -73.71 -74.41
-1.51 -1.04 -78.49 -79.28
-1.29 -1.09 -73.71 -74.41
-1.42 -1.2 -68.58 -69.39
-1.22 -1.43 -63.79 -64.24
-0.69 -0.42 -59.31 -59.58
-0.46 -0.23 -54.54 -54.8
0.04 -0.15 -50.03 -49.91
-1.4 -1.41 -43.6 -44.28
0.06 -0.16 -40.06 -39.9
0.12 -0.29 -35.12 -34.82
-0.19 -0.42 -29.81 -29.68
0.09 -0.12 -25.09 -24.93
-0.01 -0.23 -19.99 -19.85
0.16 -0.06 -15.16 -14.96
0.01 -0.02 -10.01 -9.99
0.21 -0.0 -5.21 -5.0
-0.0 -0.0 -0.0 -0.0
