0.0
1.08049
0.11649
0.88178
1.25268
0.80034
2.36694
1.59095
0.81353
10.2689
0.68384
2.65388
4.16278
9.02009
9.15438
8.23596
9.165
8.23596
9.15438
9.02009
4.16278
2.65388
0.68384
10.2689
0.81353
1.59095
2.36694
0.80034
1.25268
0.88178
0.11649
1.08049
0.0
1.08049
0.11649
0.88178
1.25268
0.80034
2.36694
1.59095
0.81353
10.2689
0.68384
2.65388
4.16278
9.02009
9.15438
8.23596
9.165
8.23596
9.15438
9.02009
4.16278
2.65388
0.68384
10.2689
0.81353
1.59095
2.36694
0.80034
1.25268
0.88178
0.11649
1.08049
0.0
1.08049
0.11649
0.88178
1.25268
0.80034
2.36694
1.59095
0.81353
10.2689
0.68384
2.65388
4.16278
9.02009
9.15438
8.23596
9.165
8.23596
9.15438
9.02009
4.16278
2.65388
0.68384
10.2689
0.81353
1.59095
2.36694
0.80034
1.25268
0.88178
0.11649
1.08049
0.0
1.08049
0.11649
0.88178
1.25268
0.80034
2.36694
1.59095
0.81353
10.2689
0.68384
2.65388
4.16278
9.02009
9.15438
8.23596
9.165
8.23596
9.15438
9.02009
4.16278
2.65388
0.68384
10.2689
0.81353
1.59095
2.36694
0.80034
1.25268
0.88178
0.11649
1.08049
0.0
