0.00000 0.00000 600.00000
6.54083 18.49653 599.05446
13.17364 38.92191 596.20984
19.85610 57.07181 591.53904
27.16894 76.24887 585.01549
32.85738 93.15131 576.93193
40.50111 111.06139 567.07687
45.86845 124.62419 556.09598
51.04179 138.76754 543.82875
62.72374 158.95548 528.88437
62.06694 162.08416 516.23143
67.54198 173.97313 501.04703
73.13721 182.87118 485.40035
81.83553 191.73853 468.14603
85.14060 196.88875 452.51737
88.59304 198.87788 437.10314
91.92117 201.22494 421.74366
88.59304 198.87788 437.10314
85.14060 196.88875 452.51737
81.83553 191.73853 468.14603
73.13721 182.87118 485.40035
67.54198 173.97313 501.04703
62.06694 162.08416 516.23143
62.72374 158.95548 528.88437
51.04179 138.76754 543.82875
45.86845 124.62419 556.09598
40.50111 111.06139 567.07687
32.85738 93.15131 576.93193
27.16894 76.24887 585.01549
19.85610 57.07181 591.53904
13.17364 38.92191 596.20984
6.54083 18.49653 599.05446
0.00000 0.00000 600.00000
6.54083 -18.49653 599.05446
13.17364 -38.92191 596.20984
19.85610 -57.07181 591.53904
27.16894 -76.24887 585.01549
32.85738 -93.15131 576.93193
40.50111 -111.06139 567.07687
45.86845 -124.62419 556.09598
51.04179 -138.76754 543.82875
62.72374 -158.95548 528.88437
62.06694 -162.08416 516.23143
67.54198 -173.97313 501.04703
73.13721 -182.87118 485.40035
81.83553 -191.73853 468.14603
85.14060 -196.88875 452.51737
88.59304 -198.87788 437.10314
91.92117 -201.22494 421.74366
88.59304 -198.87788 437.10314
85.14060 -196.88875 452.51737
81.83553 -191.73853 468.14603
73.13721 -182.87118 485.40035
67.54198 -173.97313 501.04703
62.06694 -162.08416 516.23143
62.72374 -158.95548 528.88437
51.04179 -138.76754 543.82875
45.86845 -124.62419 556.09598
40.50111 -111.06139 567.07687
32.85738 -93.15131 576.93193
27.16894 -76.24887 585.01549
19.85610 -57.07181 591.53904
13.17364 -38.92191 596.20984
6.54083 -18.49653 599.05446
0.00000 0.00000 600.00000
-6.54083 18.49653 599.05446
-13.17364 38.92191 596.20984
-19.85610 57.07181 591.53904
-27.16894 76.24887 585.01549
-32.85738 93.15131 576.93193
-40.50111 111.06139 567.07687
-45.86845 124.62419 556.09598
-51.04179 138.76754 543.82875
-62.72374 158.95548 528.88437
-62.06694 162.08416 516.23143
-67.54198 173.97313 501.04703
-73.13721 182.87118 485.40035
-81.83553 191.73853 468.14603
-85.14060 196.88875 452.51737
-88.59304 198.87788 437.10314
-91.92117 201.22494 421.74366
-88.59304 198.87788 437.10314
-85.14060 196.88875 452.51737
-81.83553 191.73853 468.14603
-73.13721 182.87118 485.40035
-67.54198 173.97313 501.04703
-62.06694 162.08416 516.23143
-62.72374 158.95548 528.88437
-51.04179 138.76754 543.82875
-45.86845 124.62419 556.09598
-40.50111 111.06139 567.07687
-32.85738 93.15131 576.93193
-27.16894 76.24887 585.01549
-19.85610 57.07181 591.53904
-13.17364 38.92191 596.20984
-6.54083 18.49653 599.05446
0.00000 0.00000 600.00000
-6.54083 -18.49653 599.05446
-13.17364 -38.92191 596.20984
-19.85610 -57.07181 591.53904
-27.16894 -76.24887 585.01549
-32.85738 -93.15131 576.93193
-40.50111 -111.06139 567.07687
-45.86845 -124.62419 556.09598
-51.04179 -138.76754 543.82875
-62.72374 -158.95548 528.88437
-62.06694 -162.08416 516.23143
-67.54198 -173.97313 501.04703
-73.13721 -182.87118 485.40035
-81.83553 -191.73853 468.14603
-85.14060 -196.88875 452.51737
-88.59304 -198.87788 437.10314
-91.92117 -201.22494 421.74366
-88.59304 -198.87788 437.10314
-85.14060 -196.88875 452.51737
-81.83553 -191.73853 468.14603
-73.13721 -182.87118 485.40035
-67.54198 -173.97313 501.04703
-62.06694 -162.08416 516.23143
-62.72374 -158.95548 528.88437
-51.04179 -138.76754 543.82875
-45.86845 -124.62419 556.09598
-40.50111 -111.06139 567.07687
-32.85738 -93.15131 576.93193
-27.16894 -76.24887 585.01549
-19.85610 -57.07181 591.53904
-13.17364 -38.92191 596.20984
-6.54083 -18.49653 599.05446
0.00000 0.00000 600.00000
