0.00000 0.00000 600.00000
6.54083 19.59824 599.04860
13.05677 38.97223 596.21228
19.52306 57.90410 591.53246
25.91519 76.18266 585.08076
32.20901 93.60955 576.95912
38.38089 110.00062 567.28911
44.40782 125.19290 556.21565
50.26750 139.04246 543.90569
55.93848 151.43188 530.54085
61.40029 162.26733 516.31165
66.63346 171.48605 501.42091
71.61972 179.04988 486.07350
76.34201 184.94781 470.47675
80.78458 189.19880 454.83198
84.93308 191.84892 439.33494
88.77463 192.96506 424.16922
84.93308 191.84892 439.33494
80.78458 189.19880 454.83198
76.34201 184.94781 470.47675
71.61972 179.04988 486.07350
66.63346 171.48605 501.42091
61.40029 162.26733 516.31165
55.93848 151.43188 530.54085
50.26750 139.04246 543.90569
44.40782 125.19290 556.21565
38.38089 110.00062 567.28911
32.20901 93.60955 576.95912
25.91519 76.18266 585.08076
19.52306 57.90410 591.53246
13.05677 38.97223 596.21228
6.54083 19.59824 599.04860
0.00000 0.00000 600.00000
6.54083 -19.59824 599.04860
13.05677 -38.97223 596.21228
19.52306 -57.90410 591.53246
25.91519 -76.18266 585.08076
32.20901 -93.60955 576.95912
38.38089 -110.00062 567.28911
44.40782 -125.19290 556.21565
50.26750 -139.04246 543.90569
55.93848 -151.43188 530.54085
61.40029 -162.26733 516.31165
66.63346 -171.48605 501.42091
71.61972 -179.04988 486.07350
76.34201 -184.94781 470.47675
80.78458 -189.19880 454.83198
84.93308 -191.84892 439.33494
88.77463 -192.96506 424.16922
84.93308 -191.84892 439.33494
80.78458 -189.19880 454.83198
76.34201 -184.94781 470.47675
71.61972 -179.04988 486.07350
66.63346 -171.48605 501.42091
61.40029 -162.26733 516.31165
55.93848 -151.43188 530.54085
50.26750 -139.04246 543.90569
44.40782 -125.19290 556.21565
38.38089 -110.00062 567.28911
32.20901 -93.60955 576.95912
25.91519 -76.18266 585.08076
19.52306 -57.90410 591.53246
13.05677 -38.97223 596.21228
6.54083 -19.59824 599.04860
0.00000 0.00000 600.00000
-6.54083 19.59824 599.04860
-13.05677 38.97223 596.21228
-19.52306 57.90410 591.53246
-25.91519 76.18266 585.08076
-32.20901 93.60955 576.95912
-38.38089 110.00062 567.28911
-44.40782 125.19290 556.21565
-50.26750 139.04246 543.90569
-55.93848 151.43188 530.54085
-61.40029 162.26733 516.31165
-66.63346 171.48605 501.42091
-71.61972 179.04988 486.07350
-76.34201 184.94781 470.47675
-80.78458 189.19880 454.83198
-84.93308 191.84892 439.33494
-88.77463 192.96506 424.16922
-84.93308 191.84892 439.33494
-80.78458 189.19880 454.83198
-76.34201 184.94781 470.47675
-71.61972 179.04988 486.07350
-66.63346 171.48605 501.42091
-61.40029 162.26733 516.31165
-55.93848 151.43188 530.54085
-50.26750 139.04246 543.90569
-44.40782 125.19290 556.21565
-38.38089 110.00062 567.28911
-32.20901 93.60955 576.95912
-25.91519 76.18266 585.08076
-19.52306 57.90410 591.53246
-13.05677 38.97223 596.21228
-6.54083 19.59824 599.04860
0.00000 0.00000 600.00000
-6.54083 -19.59824 599.04860
-13.05677 -38.97223 596.21228
-19.52306 -57.90410 591.53246
-25.91519 -76.18266 585.08076
-32.20901 -93.60955 576.95912
-38.38089 -110.00062 567.28911
-44.40782 -125.19290 556.21565
-50.26750 -139.04246 543.90569
-55.93848 -151.43188 530.54085
-61.40029 -162.26733 516.31165
-66.63346 -171.48605 501.42091
-71.61972 -179.04988 486.07350
-76.34201 -184.94781 470.47675
-80.78458 -189.19880 454.83198
-84.93308 -191.84892 439.33494
-88.77463 -192.96506 424.16922
-84.93308 -191.84892 439.33494
-80.78458 -189.19880 454.83198
-76.34201 -184.94781 470.47675
-71.61972 -179.04988 486.07350
-66.63346 -171.48605 501.42091
-61.40029 -162.26733 516.31165
-55.93848 -151.43188 530.54085
-50.26750 -139.04246 543.90569
-44.40782 -125.19290 556.21565
-38.38089 -110.00062 567.28911
-32.20901 -93.60955 576.95912
-25.91519 -76.18266 585.08076
-19.52306 -57.90410 591.53246
-13.05677 -38.97223 596.21228
-6.54083 -19.59824 599.04860
0.00000 0.00000 600.00000
