0.52206
1.4781
1.02626
0.61086
0.20911
1.21143
0.87991
0.46632
0.09783
1.3743
1.15844
0.83878
0.62019
0.63055
0.2561
0.28447
0.24129
0.04802
0.17228
0.04839
0.13295
0.04839
0.17228
0.04802
0.24129
0.28447
0.2561
0.63055
0.62019
0.83878
1.15844
1.3743
0.09783
0.46632
0.87991
1.21143
0.20911
0.61086
1.02626
1.4781
0.52206
1.14286
0.90232
0.62671
0.38012
1.1382
0.895
0.62559
0.53357
1.37512
1.07469
0.64508
0.91437
0.84304
0.7238
0.63181
0.56039
0.51882
0.38226
0.04833
0.02935
0.04833
0.38226
0.51882
0.56039
0.63181
0.7238
0.84304
0.91437
0.64508
1.07469
1.37512
0.53357
0.62559
0.895
1.1382
0.38012
0.62671
0.90232
1.14286
0.52206
1.4781
1.02626
0.61086
0.20911
1.21143
0.87991
0.46632
0.09783
1.3743
1.15844
0.83878
0.62019
0.63055
0.2561
0.28447
0.24129
0.04802
0.17228
0.04839
0.13295
0.04839
0.17228
0.04802
0.24129
0.28447
0.2561
0.63055
0.62019
0.83878
1.15844
1.3743
0.09783
0.46632
0.87991
1.21143
0.20911
0.61086
1.02626
1.4781
0.52206
1.14286
0.90232
0.62671
0.38012
1.1382
0.895
0.62559
0.53357
1.37512
1.07469
0.64508
0.91437
0.84304
0.7238
0.63181
0.56039
0.51882
0.38226
0.04833
0.02935
0.04833
0.38226
0.51882
0.56039
0.63181
0.7238
0.84304
0.91437
0.64508
1.07469
1.37512
0.53357
0.62559
0.895
1.1382
0.38012
0.62671
0.90232
1.14286
0.52206
