39.94 39.94 -39.98 -40.11
39.83 37.72 -39.79 -38.03
39.86 35.82 -39.84 -36.04
39.92 33.9 -39.91 -34.03
39.97 31.97 -39.97 -32.02
39.81 29.81 -39.79 -30.03
39.86 27.87 -39.85 -28.03
39.91 25.94 -39.91 -26.02
39.99 24.01 -39.99 -24.04
39.74 21.89 -39.74 -22.08
39.8 19.87 -39.79 -20.03
39.84 17.92 -39.84 -18.02
39.91 15.92 -39.91 -16.02
39.88 13.95 -39.88 -14.01
39.96 11.96 -39.95 -11.98
39.94 10.0 -39.95 -10.02
39.96 7.97 -39.95 -7.96
39.99 6.01 -40.0 -6.03
39.97 4.0 -39.97 -4.0
39.99 2.0 -39.99 -2.0
39.97 -0.0 -39.97 -0.0
39.99 -2.0 -39.99 2.0
39.97 -4.0 -39.97 4.0
39.99 -6.01 -40.0 6.03
39.96 -7.97 -39.95 7.96
39.94 -10.0 -39.95 10.02
39.96 -11.96 -39.95 11.98
39.88 -13.95 -39.88 14.01
39.91 -15.92 -39.91 16.02
39.84 -17.92 -39.84 18.02
39.8 -19.87 -39.79 20.03
39.74 -21.89 -39.74 22.08
39.99 -24.01 -39.99 24.04
39.91 -25.94 -39.91 26.02
39.86 -27.87 -39.85 28.03
39.81 -29.81 -39.79 30.03
39.97 -31.97 -39.97 32.02
39.92 -33.9 -39.91 34.03
39.86 -35.82 -39.84 36.04
39.83 -37.72 -39.79 38.03
39.94 -39.94 -39.98 40.11
37.81 -39.85 -37.83 40.16
35.89 -39.86 -35.9 40.08
33.93 -39.9 -33.94 40.04
31.97 -39.93 -31.96 40.01
29.89 -39.83 -29.9 40.11
27.92 -39.86 -27.92 40.08
25.95 -39.91 -25.96 40.06
23.97 -39.91 -23.96 40.02
21.9 -39.8 -21.92 40.13
19.94 -39.86 -19.96 40.16
17.92 -39.91 -17.92 40.07
15.96 -39.87 -15.96 40.08
13.96 -39.88 -13.97 40.06
11.98 -39.89 -11.98 40.05
9.98 -39.91 -9.98 40.04
7.99 -39.92 -7.99 40.03
5.99 -39.92 -5.99 40.02
4.01 -39.94 -4.02 40.02
1.99 -40.02 -1.99 40.05
-0.0 -40.0 -0.0 40.04
-1.99 -40.02 1.99 40.05
-4.01 -39.94 4.02 40.02
-5.99 -39.92 5.99 40.02
-7.99 -39.92 7.99 40.03
-9.98 -39.91 9.98 40.04
-11.98 -39.89 11.98 40.05
-13.96 -39.88 13.97 40.06
-15.96 -39.87 15.96 40.08
-17.92 -39.91 17.92 40.07
-19.94 -39.86 19.96 40.16
-21.9 -39.8 21.92 40.13
-23.97 -39.91 23.96 40.02
-25.95 -39.91 25.96 40.06
-27.92 -39.86 27.92 40.08
-29.89 -39.83 29.9 40.11
-31.97 -39.93 31.96 40.01
-33.93 -39.9 33.94 40.04
-35.89 -39.86 35.9 40.08
-37.81 -39.85 37.83 40.16
-39.94 -39.94 39.98 40.11
-39.83 -37.72 39.79 38.03
-39.86 -35.82 39.84 36.04
-39.92 -33.9 39.91 34.03
-39.97 -31.97 39.97 32.02
-39.81 -29.81 39.79 30.03
-39.86 -27.87 39.85 28.03
-39.91 -25.94 39.91 26.02
-39.99 -24.01 39.99 24.04
-39.74 -21.89 39.74 22.08
-39.8 -19.87 39.79 20.03
-39.84 -17.92 39.84 18.02
-39.91 -15.92 39.91 16.02
-39.88 -13.95 39.88 14.01
-39.96 -11.96 39.95 11.98
-39.94 -10.0 39.95 10.02
-39.96 -7.97 39.95 7.96
-39.99 -6.01 40.0 6.03
-39.97 -4.0 39.97 4.0
-39.99 -2.0 39.99 2.0
-39.97 -0.0 39.97 -0.0
-39.99 2.0 39.99 -2.0
-39.97 4.0 39.97 -4.0
-39.99 6.01 40.0 -6.03
-39.96 7.97 39.95 -7.96
-39.94 10.0 39.95 -10.02
-39.96 11.96 39.95 -11.98
-39.88 13.95 39.88 -14.01
-39.91 15.92 39.91 -16.02
-39.84 17.92 39.84 -18.02
-39.8 19.87 39.79 -20.03
-39.74 21.89 39.74 -22.08
-39.99 24.01 39.99 -24.04
-39.91 25.94 39.91 -26.02
-39.86 27.87 39.85 -28.03
-39.81 29.81 39.79 -30.03
-39.97 31.97 39.97 -32.02
-39.92 33.9 39.91 -34.03
-39.86 35.82 39.84 -36.04
-39.83 37.72 39.79 -38.03
-39.94 39.94 39.98 -40.11
-37.81 39.85 37.83 -40.16
-35.89 39.86 35.9 -40.08
-33.93 39.9 33.94 -40.04
-31.97 39.93 31.96 -40.01
-29.89 39.83 29.9 -40.11
-27.92 39.86 27.92 -40.08
-25.95 39.91 25.96 -40.06
-23.97 39.91 23.96 -40.02
-21.9 39.8 21.92 -40.13
-19.94 39.86 19.96 -40.16
-17.92 39.91 17.92 -40.07
-15.96 39.87 15.96 -40.08
-13.96 39.88 13.97 -40.06
-11.98 39.89 11.98 -40.05
-9.98 39.91 9.98 -40.04
-7.99 39.92 7.99 -40.03
-5.99 39.92 5.99 -40.02
-4.01 39.94 4.02 -40.02
-1.99 40.02 1.99 -40.05
-0.0 40.0 -0.0 -40.04
1.99 40.02 -1.99 -40.05
4.01 39.94 -4.02 -40.02
5.99 39.92 -5.99 -40.02
7.99 39.92 -7.99 -40.03
9.98 39.91 -9.98 -40.04
11.98 39.89 -11.98 -40.05
13.96 39.88 -13.97 -40.06
15.96 39.87 -15.96 -40.08
17.92 39.91 -17.92 -40.07
19.94 39.86 -19.96 -40.16
21.9 39.8 -21.92 -40.13
23.97 39.91 -23.96 -40.02
25.95 39.91 -25.96 -40.06
27.92 39.86 -27.92 -40.08
29.89 39.83 -29.9 -40.11
31.97 39.93 -31.96 -40.01
33.93 39.9 -33.94 -40.04
35.89 39.86 -35.9 -40.08
37.81 39.85 -37.83 -40.16
39.94 39.94 -39.98 -40.11
