168.54072 173.39971 501.16073
160.86160 175.65895 504.98699
153.07000 177.81041 508.63172
145.16619 179.85140 512.09092
137.16214 181.78214 515.36411
129.05987 183.60157 518.44934
120.86657 185.30749 521.34329
112.58893 186.89908 524.04438
104.23287 188.37860 526.55470
95.80336 189.73993 528.86642
87.30582 190.98664 530.98331
78.74909 192.11749 532.90340
70.13706 193.12909 534.62225
61.47513 194.02456 536.14321
52.77200 194.80047 537.46185
44.03321 195.45794 538.57922
35.26189 195.99623 539.49419
26.46870 196.41465 540.20575
17.65657 196.71375 540.71439
8.83100 196.89400 541.02055
0.00000 196.95405 541.12258
-8.83100 196.89400 541.02055
-17.65657 196.71375 540.71439
-26.46870 196.41465 540.20575
-35.26189 195.99623 539.49419
-44.03321 195.45794 538.57922
-52.77200 194.80047 537.46185
-61.47513 194.02456 536.14321
-70.13706 193.12909 534.62225
-78.74909 192.11749 532.90340
-87.30582 190.98664 530.98331
-95.80336 189.73993 528.86642
-104.23287 188.37860 526.55470
-112.58893 186.89908 524.04438
-120.86657 185.30749 521.34329
-129.05987 183.60157 518.44934
-137.16214 181.78214 515.36411
-145.16619 179.85140 512.09092
-153.07000 177.81041 508.63172
-160.86160 175.65895 504.98699
-168.54072 173.39971 501.16073
-171.21993 165.07844 505.15081
-173.77978 156.69692 508.92231
-176.21712 148.25491 512.47004
-178.52968 139.76368 515.80304
-180.71525 131.22404 518.92166
-182.77073 122.64193 521.82489
-184.69393 114.02231 524.51546
-186.48449 105.36885 527.00473
-188.13762 96.68461 529.27823
-189.65387 87.97216 531.35076
-191.03119 79.23761 533.22314
-192.26663 70.48197 534.88800
-193.36085 61.70718 536.35787
-194.31096 52.91869 537.62571
-195.11679 44.11835 538.69720
-195.77729 35.30557 539.57179
-196.29143 26.48716 540.24971
-196.65913 17.66204 540.73359
-196.88032 8.83167 541.02585
-196.95405 0.00000 541.12314
-196.88032 -8.83167 541.02585
-196.65913 -17.66204 540.73359
-196.29143 -26.48716 540.24971
-195.77729 -35.30557 539.57179
-195.11679 -44.11835 538.69720
-194.31096 -52.91869 537.62571
-193.36085 -61.70718 536.35787
-192.26663 -70.48197 534.88800
-191.03119 -79.23761 533.22314
-189.65387 -87.97216 531.35076
-188.13762 -96.68461 529.27823
-186.48449 -105.36885 527.00473
-184.69393 -114.02231 524.51546
-182.77073 -122.64193 521.82489
-180.71525 -131.22404 518.92166
-178.52968 -139.76368 515.80304
-176.21712 -148.25491 512.47004
-173.77978 -156.69692 508.92231
-171.21993 -165.07844 505.15081
-168.54072 -173.39971 501.16073
-160.86160 -175.65895 504.98699
-153.07000 -177.81041 508.63172
-145.16619 -179.85140 512.09092
-137.16214 -181.78214 515.36411
-129.05987 -183.60157 518.44934
-120.86657 -185.30749 521.34329
-112.58893 -186.89908 524.04438
-104.23287 -188.37860 526.55470
-95.80336 -189.73993 528.86642
-87.30582 -190.98664 530.98331
-78.74909 -192.11749 532.90340
-70.13706 -193.12909 534.62225
-61.47513 -194.02456 536.14321
-52.77200 -194.80047 537.46185
-44.03321 -195.45794 538.57922
-35.26189 -195.99623 539.49419
-26.46870 -196.41465 540.20575
-17.65657 -196.71375 540.71439
-8.83100 -196.89400 541.02055
0.00000 -196.95405 541.12258
8.83100 -196.89400 541.02055
17.65657 -196.71375 540.71439
26.46870 -196.41465 540.20575
35.26189 -195.99623 539.49419
44.03321 -195.45794 538.57922
52.77200 -194.80047 537.46185
61.47513 -194.02456 536.14321
70.13706 -193.12909 534.62225
78.74909 -192.11749 532.90340
87.30582 -190.98664 530.98331
95.80336 -189.73993 528.86642
104.23287 -188.37860 526.55470
112.58893 -186.89908 524.04438
120.86657 -185.30749 521.34329
129.05987 -183.60157 518.44934
137.16214 -181.78214 515.36411
145.16619 -179.85140 512.09092
153.07000 -177.81041 508.63172
160.86160 -175.65895 504.98699
168.54072 -173.39971 501.16073
171.21993 -165.07844 505.15081
173.77978 -156.69692 508.92231
176.21712 -148.25491 512.47004
178.52968 -139.76368 515.80304
180.71525 -131.22404 518.92166
182.77073 -122.64193 521.82489
184.69393 -114.02231 524.51546
186.48449 -105.36885 527.00473
188.13762 -96.68461 529.27823
189.65387 -87.97216 531.35076
191.03119 -79.23761 533.22314
192.26663 -70.48197 534.88800
193.36085 -61.70718 536.35787
194.31096 -52.91869 537.62571
195.11679 -44.11835 538.69720
195.77729 -35.30557 539.57179
196.29143 -26.48716 540.24971
196.65913 -17.66204 540.73359
196.88032 -8.83167 541.02585
196.95405 0.00000 541.12314
196.88032 8.83167 541.02585
196.65913 17.66204 540.73359
196.29143 26.48716 540.24971
195.77729 35.30557 539.57179
195.11679 44.11835 538.69720
194.31096 52.91869 537.62571
193.36085 61.70718 536.35787
192.26663 70.48197 534.88800
191.03119 79.23761 533.22314
189.65387 87.97216 531.35076
188.13762 96.68461 529.27823
186.48449 105.36885 527.00473
184.69393 114.02231 524.51546
182.77073 122.64193 521.82489
180.71525 131.22404 518.92166
178.52968 139.76368 515.80304
176.21712 148.25491 512.47004
173.77978 156.69692 508.92231
171.21993 165.07844 505.15081
168.54072 173.39971 501.16073
