168.14132 173.18039 501.44427
159.68532 175.55213 505.86737
152.30105 177.58769 509.25990
144.72236 179.71061 512.44245
137.01621 181.70686 515.48710
128.24482 183.12598 519.18875
120.28793 184.91721 521.86963
112.32671 186.59068 524.35074
104.24706 188.33558 526.57019
95.31239 188.75847 529.66876
86.70759 190.29141 531.64579
78.38752 191.50021 533.41155
69.71631 192.80311 534.93432
61.24743 193.54033 536.51070
52.59605 194.68252 537.59388
44.02702 195.16513 538.75444
35.15866 195.86677 539.61562
26.48572 196.32892 540.23613
17.66134 196.58455 540.80152
8.83183 196.84866 541.05147
0.00000 196.82480 541.20996
-8.83183 196.84866 541.05147
-17.66134 196.58455 540.80152
-26.48572 196.32892 540.23613
-35.15866 195.86677 539.61562
-44.02702 195.16513 538.75444
-52.59605 194.68252 537.59388
-61.24743 193.54033 536.51070
-69.71631 192.80311 534.93432
-78.38752 191.50021 533.41155
-86.70759 190.29141 531.64579
-95.31239 188.75847 529.66876
-104.24706 188.33558 526.57019
-112.32671 186.59068 524.35074
-120.28793 184.91721 521.86963
-128.24482 183.12598 519.18875
-137.01621 181.70686 515.48710
-144.72236 179.71061 512.44245
-152.30105 177.58769 509.25990
-159.68532 175.55213 505.86737
-168.14132 173.18039 501.44427
-170.49625 164.54527 505.86415
-173.09446 156.46345 509.44384
-175.72491 148.10072 512.83257
-178.19822 139.78114 516.01686
-179.79619 131.00918 519.52901
-182.01176 122.52044 522.30666
-184.17800 113.91009 524.83695
-186.01047 105.38932 527.28122
-186.96244 96.44175 529.98013
-188.72437 87.83101 531.85207
-190.50435 78.99007 533.57031
-191.47813 70.43554 535.32129
-192.63954 61.59628 536.75878
-193.65027 52.91120 537.98446
-194.57420 44.08320 538.99267
-195.29835 35.30070 539.83006
-195.82395 26.46941 540.50864
-196.29791 17.68308 540.92923
-196.92759 8.78800 540.98180
-196.90378 0.00000 541.13501
-196.92759 -8.78800 540.98180
-196.29791 -17.68308 540.92923
-195.82395 -26.46941 540.50864
-195.29835 -35.30070 539.83006
-194.57420 -44.08320 538.99267
-193.65027 -52.91120 537.98446
-192.63954 -61.59628 536.75878
-191.47813 -70.43554 535.32129
-190.50435 -78.99007 533.57031
-188.72437 -87.83101 531.85207
-186.96244 -96.44175 529.98013
-186.01047 -105.38932 527.28122
-184.17800 -113.91009 524.83695
-182.01176 -122.52044 522.30666
-179.79619 -131.00918 519.52901
-178.19822 -139.78114 516.01686
-175.72491 -148.10072 512.83257
-173.09446 -156.46345 509.44384
-170.49625 -164.54527 505.86415
-168.14132 -173.18039 501.44427
-159.68532 -175.55213 505.86737
-152.30105 -177.58769 509.25990
-144.72236 -179.71061 512.44245
-137.01621 -181.70686 515.48710
-128.24482 -183.12598 519.18875
-120.28793 -184.91721 521.86963
-112.32671 -186.59068 524.35074
-104.24706 -188.33558 526.57019
-95.31239 -188.75847 529.66876
-86.70759 -190.29141 531.64579
-78.38752 -191.50021 533.41155
-69.71631 -192.80311 534.93432
-61.24743 -193.54033 536.51070
-52.59605 -194.68252 537.59388
-44.02702 -195.16513 538.75444
-35.15866 -195.86677 539.61562
-26.48572 -196.32892 540.23613
-17.66134 -196.58455 540.80152
-8.83183 -196.84866 541.05147
0.00000 -196.82480 541.20996
8.83183 -196.84866 541.05147
17.66134 -196.58455 540.80152
26.48572 -196.32892 540.23613
35.15866 -195.86677 539.61562
44.02702 -195.16513 538.75444
52.59605 -194.68252 537.59388
61.24743 -193.54033 536.51070
69.71631 -192.80311 534.93432
78.38752 -191.50021 533.41155
86.70759 -190.29141 531.64579
95.31239 -188.75847 529.66876
104.24706 -188.33558 526.57019
112.32671 -186.59068 524.35074
120.28793 -184.91721 521.86963
128.24482 -183.12598 519.18875
137.01621 -181.70686 515.48710
144.72236 -179.71061 512.44245
152.30105 -177.58769 509.25990
159.68532 -175.55213 505.86737
168.14132 -173.18039 501.44427
170.49625 -164.54527 505.86415
173.09446 -156.46345 509.44384
175.72491 -148.10072 512.83257
178.19822 -139.78114 516.01686
179.79619 -131.00918 519.52901
182.01176 -122.52044 522.30666
184.17800 -113.91009 524.83695
186.01047 -105.38932 527.28122
186.96244 -96.44175 529.98013
188.72437 -87.83101 531.85207
190.50435 -78.99007 533.57031
191.47813 -70.43554 535.32129
192.63954 -61.59628 536.75878
193.65027 -52.91120 537.98446
194.57420 -44.08320 538.99267
195.29835 -35.30070 539.83006
195.82395 -26.46941 540.50864
196.29791 -17.68308 540.92923
196.92759 -8.78800 540.98180
196.90378 0.00000 541.13501
196.92759 8.78800 540.98180
196.29791 17.68308 540.92923
195.82395 26.46941 540.50864
195.29835 35.30070 539.83006
194.57420 44.08320 538.99267
193.65027 52.91120 537.98446
192.63954 61.59628 536.75878
191.47813 70.43554 535.32129
190.50435 78.99007 533.57031
188.72437 87.83101 531.85207
186.96244 96.44175 529.98013
186.01047 105.38932 527.28122
184.17800 113.91009 524.83695
182.01176 122.52044 522.30666
179.79619 131.00918 519.52901
178.19822 139.78114 516.01686
175.72491 148.10072 512.83257
173.09446 156.46345 509.44384
170.49625 164.54527 505.86415
168.14132 173.18039 501.44427
